   0.644942555684776	   0.308608863844213	
   1.718573567172266	   3.371127346748946	
   0.645340791325588	   0.167039493399851	
   0.021561208422392	  -0.018120270638267	
   0.084991128038684	  -0.030713131320317	
   0.945293645095313	   0.986738851868773	
   0.827165413544283	   0.481105389454573	
   0.577994655718008	   0.260286951766473	
   0.740711894264515	   0.594377679720953	
   0.007622693728197	   0.015899996129194	
   1.056283836697175	   1.046194051932793	
   0.765441793766772	   0.483944842787516	
   0.632483493669682	   0.426534755599357	
   1.461188247522682	   2.035288477681966	
   2.277693752250685	   4.650973599656940	
   0.364918523012497	   0.258708373162765	
   1.474981838096828	   2.079379817169624	
   1.307598617788538	   2.063335570342947	
  -0.524862787266253	  -0.032169351693281	
  -0.265156512291018	   0.214997062399167	
   0.343617903192145	   0.234755546292685	
   1.065710700666502	   1.045513202550009	
   0.687941210731588	   0.548409463172248	
   0.284055569332509	  -0.080926753053695	
   1.242847276530065	   1.570931109217022	
   0.434870905826013	   0.139251137201187	
   1.423265215867595	   2.102643886177215	
   1.020703858787775	   0.908120630297904	
   0.312086438846145	   0.078806399935255	
   0.023897653072987	  -0.097897238959150	
   1.390046896931384	   2.082832571333664	
   0.279355499263975	   0.353788572278709	
   0.241988478862654	  -0.083911217478706	
   1.508104714460906	   2.372855254748804	
   1.056906030388805	   1.020811281552591	
   1.560934992322143	   2.672819832325238	
   0.770956874739645	   0.390809995606714	
   0.983353067151785	   0.823638755536438	
  -0.007582164917057	   0.029448460178147	
   0.151913772511234	  -0.058985436698359	
  -0.413099502370942	   0.088391151322942	
   2.231186678963307	   4.695311577499520	
   0.546959352773569	   0.143146519347306	
   1.404351709777321	   1.869763500768158	
   0.890183956376481	   0.934826010867847	
   2.338570434077593	   4.334147197028824	
   1.049666298574441	   0.982772772226472	
   1.533450691270132	   2.709608674997985	
  -0.021402389835135	   0.083276830434707	
   0.516287865791567	   0.263711985679326	
   0.785530339583873	   0.606568501996499	
   1.149378341689882	   1.505864596323378	
   1.426228096186302	   2.037763479897145	
  -0.023297264110694	   0.054352569990877	
   0.999154483306816	   0.963957592915134	
   0.505819978033249	   0.319199644064421	
   0.078257175047670	   0.105119328205229	
   1.381216659824037	   2.076105763579855	
   1.938157914744777	   4.737365586621749	
   0.778962887592382	   0.395852438209234	
  -0.043975009808361	   0.118349740929789	
   0.312897120534127	  -0.028306705754590	
   1.062265808644433	   0.921651600277827	
   0.481812331612900	   0.319122391223803	
   1.669533200799853	   2.740634033786574	
   0.431562205442314	   0.321545955621761	
   1.751367831911503	   3.173304531225610	
   0.973254076404108	   0.872394707129588	
   1.441508946259183	   1.946753227146488	
   0.840518761628231	   0.566357240710013	
   0.960449849422535	   0.873235536684900	
   0.201202965345458	   0.089274926573462	
   1.193062214742729	   1.611088358419135	
  -0.568087383996788	   0.117229371994666	
  -0.053457484751277	   0.114179980006387	
   0.151282804466782	  -0.001402821085514	
   0.051181267735631	   0.070459796684376	
   0.807328878594339	   0.429118198681823	
   1.729129734989035	   3.268301361669731	
   0.672215303436764	   0.420161038914025	
  -0.471958059664878	  -0.103066235396749	
  -0.629906919920052	   0.135659690522451	
   0.882065430266520	   0.854008927906013	
   0.331979164869880	  -0.058802037562143	
   0.853208683737339	   0.585470725432286	
   0.242993419219910	  -0.058341945422990	
   0.235993822307474	   0.028573162740174	
   1.068222859566961	   0.922859761348675	
   0.939086492289980	   0.750173282895494	
   1.461164235171704	   1.930090330851761	
   0.155697874104167	   0.083206214830047	
   1.801784095732030	   3.198052123584133	
   1.450700380084119	   2.042977262778946	
   0.550315645856954	   0.236551124497290	
  -0.135190298784027	  -0.101216126404002	
  -0.186814800851362	   0.115314092982280	
  -0.248732121982242	  -0.062941296681090	
   1.337785420409142	   2.010694742711169	
   1.082473122308170	   1.503077584826439	
   0.862841681491753	   0.887298021428028	
  -0.515716732416676	   0.361485097532400	
   1.196662249991961	   1.432715575507383	
   0.661420478499597	   0.439918498847456	
  -0.053229787177692	  -0.076114119035341	
   0.203193269551862	   0.027487062274675	
   0.639112972962707	   0.143162470378940	
   1.448357498369870	   1.917770890442656	
   0.322308977596032	  -0.065565045161186	
   1.714633986333749	   2.803648048108630	
   1.537596062330516	   2.539639272883789	
  -0.362594539480742	  -0.081439116924360	
  -0.433316319584947	   0.285760111910186	
   1.023795711670150	   0.941485557035099	
   0.713652816853512	   0.508905431372172	
   2.409277555384464	   6.587555671284205	
  -0.131276688846678	   0.009575139775739	
   0.691825346482190	   0.561603907359204	
   1.647566246109437	   2.713106718851174	
   0.030129921518925	  -0.099632235368012	
   1.368768333060338	   1.911078540744526	
   0.876083056396262	   0.897220810326164	
   0.377887460327699	   0.170852799783230	
   0.078242574710046	  -0.051753629793889	
   0.389046471422169	   0.166177372221434	
   0.201541110050216	   0.041827904544928	
   0.972741653559737	   0.974904492695942	
   1.852307798406997	   3.157668817234074	
   0.445101512715437	   0.310506222118377	
   1.186927149305653	   1.555517654388350	
   1.269565331819391	   1.405752972836118	
   1.865992051185430	   3.342946964402296	
   0.481240445050205	   0.310640926832065	
   1.880858947200443	   3.326919513785219	
   0.634854469122067	   0.359176681750597	
   0.689220105932478	   0.603630771022523	
  -0.366695279100576	   0.341282408339903	
   1.352550406209443	   1.731702345678593	
   0.560631544314461	   0.136765717062756	
   1.600948311026668	   2.580817242199855	
   2.327470730259265	   4.664537129504549	
   0.561682335222072	   0.368571327402557	
  -0.567394157959792	   0.059029817498345	
  -0.196004739906475	  -0.082664621470040	
   1.183262963318334	   1.368064865059784	
   0.100363933736860	   0.117974806145684	
   2.288148213862141	   4.656097880852860	
  -0.439437446278437	  -0.029026893582909	
  -0.499534097293149	   0.132335309449552	
  -0.022785706070311	   0.083795008660844	
   0.719527343500772	   0.447113612776065	
