 -0.664172	
  1.208303	
 -0.659058	
 -1.054725	
 -0.119361	
 -0.281517	
 -1.610319	
 -0.911338	
 -0.744706	
  0.300493	
 -0.690888	
  1.036115	
 -1.467053	
  0.174186	
 -0.505124	
  1.012264	
 -0.685265	
  0.424273	
 -1.879756	
 -1.501688	
  1.540310	
  0.531465	
 -1.051062	
  1.074928	
  0.223830	
  0.299152	
 -0.247687	
 -0.447418	
 -0.146993	
  0.208635	
 -0.266167	
 -0.598764	
  0.422796	
  0.249809	
  1.066001	
 -1.049136	
  1.046223	
  1.750980	
 -0.544205	
  1.313439	
  0.650806	
  0.046640	
 -1.154448	
  0.034707	
 -0.228643	
 -0.567608	
  0.241888	
 -1.097525	
 -1.167207	
 -1.990250	
 -0.540342	
  1.012377	
 -1.409748	
 -1.238323	
 -0.064939	
 -0.346413	
  0.609919	
 -0.006791	
  0.596132	
  0.036096	
 -2.223949	
 -0.666018	
  1.073948	
 -0.682008	
 -0.408946	
  0.237918	
  0.942967	
  0.218157	
  0.392953	
  0.620435	
  0.276624	
 -0.086253	
 -0.016854	
  1.513874	
 -0.760218	
 -1.745914	
  0.340724	
 -0.915195	
  1.313978	
  1.176809	
  0.210172	
  0.767490	
  1.302888	
 -0.907686	
 -0.100542	
  0.293187	
 -0.590573	
  0.469662	
  0.956957	
  0.784133	
 -0.172894	
  0.395630	
 -0.572058	
  0.583666	
 -0.727351	
 -0.037044	
  0.294656	
  0.597709	
 -0.633877	
  0.709099	
 -0.993022	
  0.235079	
  0.211644	
 -0.880053	
  0.294109	
  0.760445	
 -0.525859	
  0.377476	
  1.076224	
  0.901175	
 -1.681838	
 -0.040193	
  0.327497	
  1.072825	
 -0.372628	
  1.308916	
  1.297210	
  0.316352	
  1.153081	
 -0.220916	
 -0.515913	
 -0.538487	
 -0.507046	
 -1.324135	
  1.975681	
  0.252481	
  0.544349	
  1.818619	
 -0.216123	
 -0.141944	
  0.608206	
  0.501401	
  0.561244	
 -0.483360	
  1.507013	
 -1.339164	
  1.532262	
 -0.803636	
  2.011865	
  0.066846	
  0.502217	
 -0.099702	
 -0.378645	
 -2.036157	
 -0.397155	
 -0.173284	
 -1.382175	
  1.134219	
  0.441744	
 -0.536737	
